function y = temp(u)

reordered = [0 0 0 0 0 0 0]; 


% input: (-0.3642069399356842, 0.5383636355400085, 0.294272780418396, -0.31417930126190186, -5.772623990196735e-05, -0.5427972674369812, 0.0)
% 
% output: [-0.31417930126190186, 0.0, -0.3642069399356842, 0.5383636355400085, -5.772623990196735e-05, -0.5427972674369812, 0.2942727804u(3)18396]

reordered(1) = u(4);
reordered(2) = u(7);
reordered(3) = u(1);
reordered(4) = u(2);
reordered(5) = u(5);
reordered(6) = u(6);
reordered(7) = u(3);

y = reordered;



