
exo_sat =200;

Dm_hip = 5.70;
Dm_knee = 3.0;
Dm_ankle = 0.70;

Km_hip = 1000;
Km_knee = 60;
Km_ankle = 30;

% model 1 gains
Dm1= [Dm_hip, 0.0, 0.0, 0.0, 0.0, 0.0,0; 
         0,  Dm_knee, 0.0, 0.0, 0.0, 0.0,0;
         0.0, 0.0, Dm_ankle, 0.0  0.0, 0.0,0;
         0,0,0,Dm_hip,0,0,0;
         0,0,0,0,Dm_knee,0,0;
         0,0,0,0,0,Dm_ankle,0;
         0,0,0,0,0,0,0];     


Km1= [Km_hip, 0.0, 0.0, 0.0, 0.0, 0.0,0; 
         0,  Km_knee, 0.0, 0.0, 0.0, 0.0,0;
         0.0, 0.0, Km_ankle, 0.0  0.0, 0.0, 0 ;
         0,0,0,Km_hip,0,0,0;
         0,0,0,0,Km_knee,0,0;
         0,0,0,0,0,Km_ankle,0;
         0,0,0,0,0,0,0];     
