
exo_sat =150;
Dm_hip = .70;
Dm_knee = .70;
Dm_ankle = .70;

Km_hip = 30;
Km_knee = 30;
Km_ankle = 30;

% model 1 gains
Dm1= [Dm_hip, 0.0, 0.0, 0.0, 0.0, 0.0,0; 
         0,  Dm_knee, 0.0, 0.0, 0.0, 0.0,0;
         0.0, 0.0, Dm_ankle, 0.0  0.0, 0.0,0;
         0,0,0,Dm_hip,0,0,0;
         0,0,0,0,Dm_knee,0,0;
         0,0,0,0,0,Dm_ankle,0;
         0,0,0,0,0,0,0];     


Km1= [Km_hip, 0.0, 0.0, 0.0, 0.0, 0.0,0; 
         0,  Km_knee, 0.0, 0.0, 0.0, 0.0,0;
         0.0, 0.0, Km_ankle, 0.0  0.0, 0.0, 0 ;
         0,0,0,Km_hip,0,0,0;
         0,0,0,0,Km_knee,0,0;
         0,0,0,0,0,Km_ankle,0;
         0,0,0,0,0,0,0];     
